1.354825488429568203e+01
1.576758005060862189e+01
1.652127401318507083e+01
1.417967882671374902e+01
1.566693416611036405e+01
1.592165178854387619e+01
2.096885926715471982e+01
1.899892230612292110e+01
1.726281486084801031e+01
1.808704982087135349e+01
1.689882150805158645e+01
1.564148071684276609e+01
1.456889017427338651e+01
3.732547495490482703e+01
2.751533766710588580e+01
3.008525480541501906e+01
2.999436635365429638e+01
4.630612987899780109e+01
4.607730214309692229e+01
4.704690414428711165e+01
2.214433778389916796e+01
2.475801698280396579e+01
4.729580835723876930e+01
2.173782795250644995e+01
2.294336825074901753e+01
2.376371154763654658e+01
1.929954123910945896e+01
2.088503255613958132e+01
2.106753314697871815e+01
2.485102904980027461e+01
2.288446296921040712e+01
2.996983564555219459e+01
2.343168833083306879e+01
2.534186815475392507e+01
2.978031379159356007e+01
3.475140032727895090e+01
3.826803724924723582e+01
3.058610625255237281e+01
3.558533846705331882e+01
3.079620354160808660e+01
2.354650649330872625e+01
2.662271269176228827e+01
4.509860191345214986e+01
3.073595122185701101e+01
2.915004834313714710e+01
3.372080160070014188e+01
3.279876046767440556e+01
2.954009676764210113e+01
3.508697023019666972e+01
3.129067153921181443e+01
2.923769438411506272e+01
4.754946076202392646e+01
3.513722161230320751e+01
3.141895851514103910e+01
3.457599425420116290e+01
3.328370927510610500e+01
3.357600319969616010e+01
2.433220103351850128e+01
4.287569567616780830e+01
4.701910066949753286e+01
4.856132201894124023e+01
2.244078590688110353e+01
2.332072383756541001e+01
1.984158236634338124e+01
2.255935264718061717e+01
1.900043733051640515e+01
2.079560916499422518e+01
1.924703187405232541e+01
2.204638964565959469e+01
2.596616531472347589e+01
2.136563754914799063e+01
2.389113543625300906e+01
2.329174125044118071e+01
2.735705017140392314e+01
2.109614256743265770e+01
2.432885069592020244e+01
2.769080229431900619e+01
2.122299548646625311e+01
2.747560638871823713e+01
2.704952630879419218e+01
4.276024660491943052e+01
4.395962304687499511e+01
